run:
Final MST: 
null <--0,000000--> a
a <--4,000000--> b
b <--1,000000--> h
h <--1,000000--> g
g <--2,000000--> f
f <--1,000000--> e
f <--3,000000--> c
c <--2,000000--> i
f <--4,000000--> d
BUILD SUCCESSFUL (total time: 0 seconds)